-0.959473000000000
-0.961914000000000
-0.974609000000000
-0.941895000000000
-0.958252000000000
-0.974365000000000
-0.929932000000000
-0.973145000000000
-1.00488300000000
-0.959961000000000
-0.932129000000000
-0.888672000000000
-0.932373000000000
-0.959717000000000
-0.919678000000000
-0.923828000000000
-0.951904000000000
-0.983643000000000
-0.982422000000000
-0.975098000000000
-0.989014000000000
-0.979248000000000
-1.03808600000000
-1.07275400000000
-1.05224600000000
-1.00097700000000
-0.872803000000000
-0.763428000000000
-0.712646000000000
-0.727295000000000
-0.699951000000000
-0.673828000000000
-0.638428000000000
-0.597168000000000
-0.547119000000000
-0.508789000000000
-0.444824000000000
-0.358398000000000
-0.308838000000000
-0.333740000000000
-0.323730000000000
-0.275146000000000
-0.278809000000000
-0.345215000000000
-0.322021000000000
-0.261230000000000
-0.291016000000000
-0.257813000000000
-0.274658000000000
-0.299561000000000
-0.283691000000000
-0.239990000000000
-0.218994000000000
-0.229004000000000
-0.241943000000000
-0.217773000000000
-0.185303000000000
-0.186768000000000
-0.203613000000000
-0.146729000000000
-0.140625000000000
-0.170898000000000
-0.115479000000000
-0.0988770000000000
-0.127197000000000
-0.116943000000000
-0.0615230000000000
-0.0305180000000000
-0.0371090000000000
0.0249020000000000
0.0666500000000000
0.0656740000000000
0.0734860000000000
0.123779000000000
0.167969000000000
0.182617000000000
0.180664000000000
0.216064000000000
0.208740000000000
0.181641000000000
0.183350000000000
0.177490000000000
0.183350000000000
0.187988000000000
0.142822000000000
0.103516000000000
0.0974120000000000
0.148193000000000
0.0935060000000000
-0.0532230000000000
-0.0588380000000000
0.0227050000000000
0.0234380000000000
-0.0622560000000000
-0.108887000000000
-0.0273440000000000
-0.00390600000000000
-0.0666500000000000
-0.121094000000000
-0.00732400000000000
0.0441890000000000
-0.0600590000000000
-0.176270000000000
-0.248779000000000
-0.204102000000000
-0.245361000000000
-0.420654000000000
-0.544189000000000
-0.579102000000000
-0.530762000000000
-0.456055000000000
-0.695068000000000
-0.799072000000000
-0.868652000000000
-0.843262000000000
-0.930420000000000
-1.08496100000000
-1.12939500000000
-1.12866200000000
-1.08056600000000
-1.09741200000000
-1.12036100000000
-1.09399400000000
-1.07617200000000
-1.04956100000000
-1.05151400000000
-1.05127000000000
-1.03881800000000
-1.03442400000000
-1.01098600000000
-0.990234000000000
-0.986816000000000
-0.976318000000000
-0.958496000000000
-0.954590000000000
-0.938232000000000
-0.967041000000000
-0.971191000000000
-0.961426000000000
-0.979980000000000
-0.988525000000000
-1.00268600000000
-0.999756000000000
-1.00903300000000
-1.02172900000000
-1.01391600000000
-1.00390600000000
-1.00244100000000
-0.999023000000000
-0.992676000000000
-0.992920000000000
-0.978760000000000
-0.989990000000000
-0.975342000000000
-0.989258000000000
-0.978027000000000
-0.968506000000000
-0.954834000000000
-0.950684000000000
-0.951904000000000
-0.967041000000000
-0.990967000000000
-0.987305000000000
-0.991943000000000
-0.978516000000000
-1.00561500000000
-1.00634800000000
-0.994873000000000
-1.02270500000000
-1.01342800000000
-1.02050800000000
-1.05371100000000
-1.00244100000000
-0.934814000000000
-0.918213000000000
-0.897705000000000
-0.832764000000000
-0.779053000000000
-0.750000000000000
-0.709717000000000
-0.633301000000000
-0.545410000000000
-0.480713000000000
-0.432861000000000
-0.375000000000000
-0.368896000000000
-0.361084000000000
-0.349365000000000
-0.360352000000000
-0.335205000000000
-0.298340000000000
-0.272705000000000
-0.272217000000000
-0.275391000000000
-0.304932000000000
-0.316406000000000
-0.327148000000000
-0.376709000000000
-0.337646000000000
-0.343018000000000
-0.374268000000000
-0.387695000000000
-0.398926000000000
-0.360352000000000
-0.401367000000000
-0.370850000000000
-0.304688000000000
-0.297363000000000
-0.275146000000000
-0.205078000000000
-0.165527000000000
-0.237793000000000
-0.218994000000000
-0.220459000000000
-0.337891000000000
-0.359131000000000
-0.354492000000000
-0.308594000000000
-0.212891000000000
-0.129150000000000
-0.0400390000000000
0.0266110000000000
0.0686040000000000
0.107178000000000
0.144531000000000
0.186035000000000
0.198486000000000
0.178467000000000
0.182861000000000
0.182129000000000
0.172363000000000
0.161621000000000
0.176025000000000
0.164307000000000
0.140625000000000
0.102295000000000
0.106445000000000
0.130859000000000
0.0900880000000000
0.0249020000000000
-0.00390600000000000
-0.0327150000000000
-0.0246580000000000
-0.0520020000000000
-0.0688480000000000
-0.0864260000000000
-0.125732000000000
-0.155029000000000
-0.0397950000000000
0.00439500000000000
-0.0502930000000000
-0.161865000000000
-0.116211000000000
-0.0903320000000000
-0.125000000000000
-0.251709000000000
-0.372070000000000
-0.375000000000000
-0.367920000000000
-0.497803000000000
-0.614746000000000
-0.695313000000000
-0.671631000000000
-0.821777000000000
-0.984863000000000
-1.01342800000000
-0.988525000000000
-0.951660000000000
-0.987061000000000
-1.02221700000000
-1.03002900000000
-1.02734400000000
-1.04565400000000
-1.05078100000000
-1.06567400000000
-1.06958000000000
-1.05444300000000
-1.03149400000000
-1.00122100000000
-1.00195300000000
-0.970703000000000
-0.961182000000000
-0.950684000000000
-0.939209000000000
-0.944092000000000
-0.957031000000000
-0.956787000000000
-0.956787000000000
-0.946777000000000
-0.961670000000000
-0.979736000000000
-0.987793000000000
-0.994873000000000
-1.00952100000000
-0.999268000000000
-0.997314000000000
-0.988037000000000
-0.993896000000000
-0.995605000000000
-0.977295000000000
-0.969482000000000
-0.951904000000000
-0.961670000000000
-0.953857000000000
-0.964355000000000
-0.952393000000000
-0.941406000000000
-0.954102000000000
-0.954102000000000
-0.956543000000000
-0.952148000000000
-0.946777000000000
-0.944580000000000
-0.948242000000000
-0.953369000000000
-0.964600000000000
-0.968506000000000
-0.970215000000000
-0.965088000000000
-0.972168000000000
-0.969482000000000
-0.971680000000000
-1.00732400000000
-1.03222700000000
-1.03051800000000
-1.03540000000000
-1.06201200000000
-1.06152300000000
-1.04956100000000
-1.03857400000000
-1.03393600000000
-0.973145000000000
-0.868408000000000
-0.817383000000000
-0.742188000000000
-0.639648000000000
-0.554199000000000
-0.476074000000000
-0.341553000000000
-0.276123000000000
-0.243652000000000
-0.234131000000000
-0.247314000000000
-0.226563000000000
-0.172363000000000
-0.112305000000000
-0.0314940000000000
0.0136720000000000
-0.00415000000000000
-0.0283200000000000
-0.0427250000000000
-0.0974120000000000
-0.123291000000000
-0.139160000000000
-0.197266000000000
-0.210449000000000
-0.236816000000000
-0.264160000000000
-0.330811000000000
-0.356201000000000
-0.300049000000000
-0.316650000000000
-0.331543000000000
-0.327148000000000
-0.289551000000000
-0.309814000000000
-0.310791000000000
-0.306396000000000
-0.286133000000000
-0.308105000000000
-0.228760000000000
-0.209961000000000
-0.198730000000000
-0.159668000000000
-0.0607910000000000
-0.0231930000000000
0.00463900000000000
0.0358890000000000
0.126953000000000
0.105713000000000
0.121826000000000
0.174561000000000
0.168213000000000
0.179688000000000
0.167236000000000
0.165283000000000
0.172607000000000
0.176270000000000
0.169434000000000
0.158936000000000
0.132324000000000
0.101318000000000
0.0898440000000000
0.0754390000000000
0.0144040000000000
-0.0571290000000000
-0.0949710000000000
-0.0661620000000000
-0.0974120000000000
-0.141846000000000
-0.103271000000000
-0.0522460000000000
-0.0358890000000000
-0.0664060000000000
-0.0795900000000000
-0.00634800000000000
0.0358890000000000
-0.0720210000000000
-0.220459000000000
-0.148438000000000
-0.186523000000000
-0.303711000000000
-0.426025000000000
-0.430908000000000
-0.406494000000000
-0.434082000000000
-0.504150000000000
-0.564453000000000
-0.551025000000000
-0.529541000000000
-0.589355000000000
-0.685059000000000
-0.692627000000000
-0.629395000000000
-0.699219000000000
-0.777100000000000
-0.858398000000000
-0.905029000000000
-0.870605000000000
-0.886475000000000
-0.917480000000000
-0.922119000000000
-0.918213000000000
-0.895020000000000
-0.863525000000000
-0.881592000000000
-0.910400000000000
-0.939209000000000
-0.939941000000000
-0.967041000000000
-1.00732400000000
-0.999512000000000
-0.995117000000000
-0.984619000000000
-1.02905300000000
-1.02294900000000
-1.01538100000000
-1.00170900000000
-0.994141000000000
-0.992676000000000
-1.00854500000000
-0.990479000000000
-0.976563000000000
-0.966797000000000
-0.967529000000000
-0.976807000000000
-0.973633000000000
-0.973633000000000
-0.968018000000000
-0.964111000000000
-0.966553000000000
-0.953613000000000
-0.956543000000000
-0.955078000000000
-0.953125000000000
-0.955566000000000
-0.940430000000000
-0.933105000000000
-0.943359000000000
-0.944824000000000
-0.940918000000000
-0.937744000000000
-0.937988000000000
-0.938965000000000
-0.942139000000000
-0.952148000000000
-0.953369000000000
-0.949707000000000
-0.951172000000000
-0.953857000000000
-0.961426000000000
-0.991699000000000
-1.02587900000000
-1.03759800000000
-1.06079100000000
-1.07397500000000
-1.05517600000000
-1.05566400000000
-1.02075200000000
-0.973877000000000
-0.965088000000000
-0.924561000000000
-0.868408000000000
-0.853271000000000
-0.863037000000000
-0.802002000000000
-0.707031000000000
-0.636963000000000
-0.654297000000000
-0.584229000000000
-0.515381000000000
-0.428223000000000
-0.363770000000000
-0.286621000000000
-0.240723000000000
-0.178467000000000
-0.112549000000000
-0.0463870000000000
-0.0354000000000000
-0.0900880000000000
-0.102295000000000
-0.129883000000000
-0.186768000000000
-0.169922000000000
-0.124756000000000
-0.171631000000000
-0.190430000000000
-0.231201000000000
-0.219727000000000
-0.281494000000000
-0.380859000000000
-0.366211000000000
-0.377686000000000
-0.416748000000000
-0.456787000000000
-0.402588000000000
-0.330811000000000
-0.322754000000000
-0.317383000000000
-0.260010000000000
-0.270752000000000
-0.241211000000000
-0.161377000000000
-0.121094000000000
-0.0944820000000000
-0.0476070000000000
0.00903300000000000
0.0678710000000000
0.105957000000000
0.120850000000000
0.145996000000000
0.137207000000000
0.142090000000000
0.147949000000000
0.152588000000000
0.150635000000000
0.166748000000000
0.149170000000000
0.126953000000000
0.128418000000000
0.108643000000000
0.0742190000000000
0.0434570000000000
0.0222170000000000
-0.00659200000000000
-0.0129390000000000
-0.0190430000000000
-0.0476070000000000
-0.0476070000000000
-0.0791020000000000
-0.0661620000000000
-0.0366210000000000
-0.0461430000000000
-0.00439500000000000
-0.0639650000000000
-0.0720210000000000
-0.0554200000000000
-0.0798340000000000
-0.0673830000000000
-0.0256350000000000
-0.116211000000000
-0.258057000000000
-0.326660000000000
-0.228027000000000
-0.266602000000000
-0.475342000000000
-0.600098000000000
-0.634277000000000
-0.636475000000000
-0.734863000000000
-0.847412000000000
-0.934570000000000
-0.926514000000000
-0.948486000000000
-0.990479000000000
-1.06005900000000
-1.08740200000000
-1.06884800000000
-1.07666000000000
-1.10522500000000
-1.13110400000000
-1.15673800000000
-1.12255900000000
-1.10961900000000
-1.08056600000000
-1.06543000000000
-1.06298800000000
-1.00976600000000
-0.973877000000000
-0.960938000000000
-0.969971000000000
-1.00341800000000
-0.972168000000000
-0.948975000000000
-0.955566000000000
-0.974609000000000
-0.988281000000000
-0.975830000000000
-0.969482000000000
-0.981201000000000
-0.996826000000000
-0.997803000000000
-0.971924000000000
-0.963379000000000
-0.973145000000000
-0.982910000000000
-0.995117000000000
-0.991943000000000
-0.987793000000000
-0.976318000000000
-0.976563000000000
-0.979736000000000
-0.974365000000000
-0.975830000000000
-0.982422000000000
-0.969238000000000
-0.978271000000000
-0.973633000000000
-0.976563000000000
-0.979248000000000
-0.980225000000000
-0.984375000000000
-0.981934000000000
-0.973633000000000
-0.983887000000000
-0.982666000000000
-0.979248000000000
-0.998047000000000
-1.03710900000000
-1.08349600000000
-1.12939500000000
-1.06713900000000
-1.12573200000000
-1.19091800000000
-1.21264600000000
-1.20605500000000
-1.23559600000000
-1.26025400000000
-1.18774400000000
-1.14990200000000
-1.05322300000000
-1.00463900000000
-0.936035000000000
-0.928223000000000
-0.887207000000000
-0.815186000000000
-0.769043000000000
-0.673096000000000
-0.617188000000000
-0.552734000000000
-0.508789000000000
-0.484619000000000
-0.427734000000000
-0.345703000000000
-0.272705000000000
-0.206543000000000
-0.173096000000000
-0.117676000000000
-0.121582000000000
-0.179688000000000
-0.162354000000000
-0.124268000000000
-0.139404000000000
-0.0708010000000000
-0.0378420000000000
-0.0761720000000000
-0.0664060000000000
-0.0412600000000000
0.0383300000000000
0.00415000000000000
-0.00439500000000000
-0.0241700000000000
-0.0180660000000000
-0.0559080000000000
-0.106689000000000
-0.165527000000000
-0.125732000000000
-0.0896000000000000
-0.103271000000000
-0.185303000000000
-0.204590000000000
-0.200928000000000
0.276367000000000
-0.239990000000000
-0.233398000000000
-0.247314000000000
-0.253418000000000
-0.201660000000000
-0.194336000000000
-0.170654000000000
-0.150635000000000
-0.123291000000000
-0.112549000000000
-0.0954590000000000
-0.0566410000000000
-0.0439450000000000
-0.0363770000000000
-0.00683600000000000
0.0390630000000000
0.0573730000000000
0.0378420000000000
0.0197750000000000
0.0517580000000000
0.0368650000000000
-0.00366200000000000
-0.0500490000000000
0.0219730000000000
0.0292970000000000
0.0366210000000000
0.00976600000000000
0.0820310000000000
0.146729000000000
0.117432000000000
0.0578610000000000
0.0537110000000000
0.102295000000000
0.0786130000000000
-0.100586000000000
-0.161865000000000
-0.126465000000000
-0.294678000000000
-0.639893000000000
-0.647949000000000
-0.584229000000000
-0.769775000000000
-1.13085900000000
-1.19018600000000
-1.13891600000000
-1.23999000000000
-1.47656300000000
-1.53955100000000
-1.40112300000000
-1.31567400000000
-1.29882800000000
-1.25463900000000
-1.18164100000000
-1.15454100000000
-1.15136700000000
-1.14404300000000
-1.08960000000000
-1.01879900000000
-1.02490200000000
-0.992188000000000
-0.965820000000000
-0.967529000000000
-0.971924000000000
-0.928467000000000
-0.920654000000000
-0.922607000000000
-0.937500000000000
-0.930420000000000
-0.923584000000000
-0.940918000000000
-0.958252000000000
-0.966309000000000
-0.946533000000000
-0.964355000000000
-0.948975000000000
-0.981934000000000
-0.994385000000000
-0.976807000000000
-0.949219000000000
-0.946777000000000
-0.943848000000000
-0.946289000000000
-0.953125000000000
-0.952148000000000
-0.949707000000000
-0.947754000000000
-0.972656000000000
-1.00537100000000
-1.02294900000000
-1.04077100000000
-1.14038100000000
-1.32202100000000
-1.45410200000000
-1.38842800000000
-1.37280300000000
-1.36157200000000
-1.33618200000000
-1.25683600000000
-1.12304700000000
-1.07373000000000
-0.965088000000000
-0.824951000000000
-0.667969000000000
-0.631348000000000
-0.562256000000000
-0.520752000000000
-0.437012000000000
-0.363037000000000
-0.306396000000000
-0.212646000000000
-0.128906000000000
-0.0275880000000000
-0.0334470000000000
-0.127686000000000
-0.00293000000000000
0.0649410000000000
0.104492000000000
0.171875000000000
0.236328000000000
0.266602000000000
0.274902000000000
0.282227000000000
0.341309000000000
0.350586000000000
0.343262000000000
0.382080000000000
0.395508000000000
0.422607000000000
0.413330000000000
0.418945000000000
0.407715000000000
0.437988000000000
0.427246000000000
0.417969000000000
0.386230000000000
0.400879000000000
0.325684000000000
0.141602000000000
0.115479000000000
0.149414000000000
-0.0839840000000000
-0.210449000000000
-0.245361000000000
-0.217529000000000
0.131104000000000
-0.290527000000000
-0.220703000000000
-0.253906000000000
-0.287598000000000
-0.263428000000000
-0.223633000000000
-0.241699000000000
-0.215332000000000
-0.148682000000000
-0.111328000000000
-0.0859380000000000
-0.0178220000000000
0.00952100000000000
0.00512700000000000
0.0200200000000000
0.0556640000000000
0.0893550000000000
0.0954590000000000
0.0883790000000000
0.0998540000000000
0.120850000000000
0.142578000000000
0.128174000000000
0.127197000000000
0.132568000000000
0.112549000000000
0.0761720000000000
0.0534670000000000
0.0849610000000000
0.0705570000000000
-0.000488000000000000
-0.0793460000000000
-0.0649410000000000
-0.143799000000000
-0.264648000000000
-0.367188000000000
-0.337158000000000
-0.301270000000000
-0.352539000000000
-0.488525000000000
-0.540771000000000
-0.608398000000000
-0.719727000000000
-0.887207000000000
-0.872070000000000
-0.926270000000000
-1.11059600000000
-1.17089800000000
-1.17553700000000
-1.10986300000000
-1.16992200000000
-1.22631800000000
-1.26220700000000
-1.12060500000000
-1.10180700000000
-1.09326200000000
-1.05249000000000
-1.03002900000000
-1.03125000000000
-1.04248000000000
-1.03295900000000
-1.00463900000000
-1.02221700000000
-1.02417000000000
-0.979248000000000
-0.977783000000000
-0.995850000000000
-1.01684600000000
-1.04467800000000
-1.07202100000000
-1.04052700000000
-0.984375000000000
-1.00146500000000
-1.01391600000000
-1.03344700000000
-0.951660000000000
-0.895752000000000
-0.941895000000000
-0.935547000000000
-0.950928000000000
-0.940918000000000
-0.930908000000000
-0.938477000000000
-0.949219000000000
-0.931396000000000
-0.905762000000000
-0.914307000000000
-0.925293000000000
-0.943115000000000
-0.967041000000000
-0.972656000000000
-0.971680000000000
-0.962158000000000
-0.954590000000000
-0.948486000000000
-0.944824000000000
-0.957520000000000
-0.959961000000000
-0.958984000000000
-0.974121000000000
-1.05297900000000
-1.08886700000000
-1.04931600000000
-1.14526400000000
-1.22998000000000
-1.43774400000000
-1.50732400000000
-1.56176800000000
-1.63549800000000
-1.60620100000000
-1.59668000000000
-1.56005900000000
-1.49780300000000
-1.31518600000000
-1.17358400000000
-0.983643000000000
-0.773682000000000
-0.583740000000000
-0.387939000000000
-0.296143000000000
-0.165771000000000
-0.0544430000000000
-0.0292970000000000
0.0122070000000000
0.0847170000000000
0.129639000000000
0.165771000000000
0.185303000000000
0.209229000000000
0.263672000000000
0.304443000000000
0.251953000000000
0.334961000000000
0.389893000000000
0.315674000000000
0.286621000000000
0.389893000000000
0.413574000000000
0.433838000000000
0.321045000000000
0.257324000000000
0.280762000000000
0.129639000000000
-0.0673830000000000
-0.111572000000000
-0.257813000000000
-0.302734000000000
-0.305176000000000
-0.315918000000000
-0.314209000000000
-0.114746000000000
-0.416260000000000
-0.339600000000000
-0.337402000000000
-0.292236000000000
-0.343018000000000
-0.278076000000000
-0.259521000000000
-0.197021000000000
-0.164063000000000
-0.108398000000000
-0.0961910000000000
-0.0917970000000000
-0.0659180000000000
-0.0571290000000000
-0.0700680000000000
-0.0471190000000000
-0.0202640000000000
-0.0141600000000000
0.0117190000000000
-0.00561500000000000
-0.0356450000000000
-0.0214840000000000
-0.0104980000000000
-0.0417480000000000
-0.00170900000000000
-0.00195300000000000
0.0290530000000000
-0.0842290000000000
-0.0854490000000000
-0.0598140000000000
-0.135254000000000
-0.263184000000000
-0.362305000000000
-0.361572000000000
-0.507813000000000
-0.642090000000000
-0.582520000000000
-0.605469000000000
-0.764893000000000
-0.878174000000000
-0.859863000000000
-0.773193000000000
-0.989990000000000
-1.19555700000000
-1.28637700000000
-1.28979500000000
-1.30419900000000
-1.48754900000000
-1.45629900000000
-1.28759800000000
-1.33544900000000
-1.32128900000000
-1.19287100000000
-1.13769500000000
-1.13354500000000
-1.11230500000000
-1.05029300000000
-1.00830100000000
-0.987793000000000
-1.00854500000000
-1.00561500000000
-0.989990000000000
-0.965820000000000
-0.962646000000000
-0.967041000000000
-0.972900000000000
-0.981445000000000
-0.970215000000000
-0.989014000000000
-0.991699000000000
-0.988770000000000
-0.984375000000000
-1.03466800000000
-1.06762700000000
-0.976807000000000
-0.977051000000000
-1.00878900000000
-1.00561500000000
-0.973877000000000
-0.950439000000000
-0.955811000000000
-0.970459000000000
-0.967773000000000
-0.964600000000000
-0.943848000000000
-0.940186000000000
-0.940918000000000
-0.931885000000000
-0.942139000000000
-0.943115000000000
-0.945557000000000
-0.999023000000000
-1.02465800000000
-1.05419900000000
-1.08667000000000
-1.17114300000000
-1.25732400000000
-1.38793900000000
-1.46972700000000
-1.53564500000000
-1.57763700000000
-1.60400400000000
-1.50512700000000
-1.47827100000000
-1.35351600000000
-1.20654300000000
-1.05566400000000
-0.840088000000000
-0.716797000000000
-0.572754000000000
-0.441895000000000
-0.316406000000000
-0.230469000000000
-0.176025000000000
-0.0781250000000000
0.0122070000000000
0.0332030000000000
-0.00732400000000000
-0.0358890000000000
0.00805700000000000
0.0959470000000000
0.0979000000000000
0.0998540000000000
0.200195000000000
0.283936000000000
0.313965000000000
0.343750000000000
0.372070000000000
0.400635000000000
0.437012000000000
0.439209000000000
0.435303000000000
0.474609000000000
0.509766000000000
0.535645000000000
0.547607000000000
0.535889000000000
0.550293000000000
0.539795000000000
0.529785000000000
0.515869000000000
0.501953000000000
0.474365000000000
0.331543000000000
0.247314000000000
0.0573730000000000
-0.0405270000000000
-0.178711000000000
-0.243652000000000
-0.329590000000000
-0.378662000000000
-0.384521000000000
-0.227539000000000
-0.476807000000000
-0.460449000000000
-0.471924000000000
-0.428711000000000
-0.360352000000000
-0.301270000000000
-0.298828000000000
-0.244629000000000
-0.218750000000000
-0.196045000000000
-0.166016000000000
-0.126953000000000
-0.109131000000000
-0.103516000000000
-0.0671390000000000
-0.0705570000000000
-0.0642090000000000
-0.0703130000000000
-0.0590820000000000
-0.0646970000000000
-0.0708010000000000
-0.0839840000000000
-0.114990000000000
-0.104980000000000
-0.0896000000000000
-0.0893550000000000
-0.0922850000000000
-0.0998540000000000
-0.0681150000000000
-0.0852050000000000
-0.110352000000000
-0.0996090000000000
-0.141846000000000
-0.161133000000000
-0.154297000000000
-0.179443000000000
-0.229736000000000
-0.281494000000000
-0.312744000000000
-0.289795000000000
-0.340332000000000
-0.475342000000000
-0.608398000000000
-0.617920000000000
-0.750732000000000
-0.936768000000000
-1.08349600000000
-1.12915000000000
-1.25805700000000
-1.39184600000000
-1.53515600000000
-1.49096700000000
-1.56713900000000
-1.55615200000000
-1.43872100000000
-1.33862300000000
-1.21215800000000
-1.14502000000000
-1.13818400000000
-1.09594700000000
-1.04150400000000
-1.00659200000000
-0.968262000000000
-0.930176000000000
-0.904785000000000
-0.925049000000000
-0.948242000000000
-0.953857000000000
-0.979248000000000
-0.997559000000000
-1.00219700000000
-1.00903300000000
-1.03540000000000
-1.02490200000000
-1.05273400000000
-1.05004900000000
-1.06958000000000
-1.02587900000000
-0.984863000000000
-0.951660000000000
-0.920898000000000
-0.920898000000000
-0.923340000000000
-0.909424000000000
-0.985840000000000
-0.996094000000000
-0.991699000000000
-1
-0.998047000000000
-0.995850000000000
-1.00146500000000
-1.01733400000000
-1.02856400000000
-1.02710000000000
-1.01123000000000
-0.998779000000000
-1.01806600000000
-1.02026400000000
-0.997803000000000
-0.938477000000000
-0.940674000000000
-0.937012000000000
-0.933594000000000
-0.944824000000000
-0.941406000000000
-0.949463000000000
-0.948242000000000
-0.974365000000000
-0.939697000000000
-0.885986000000000
-0.834473000000000
-0.803467000000000
-0.719727000000000
-0.634033000000000
-0.501709000000000
-0.396484000000000
-0.332031000000000
-0.279541000000000
-0.267090000000000
-0.258301000000000
-0.216064000000000
-0.127197000000000
-0.128662000000000
-0.0981450000000000
-0.0832520000000000
-0.0231930000000000
-0.102783000000000
-0.155518000000000
-0.166504000000000
-0.182861000000000
-0.291748000000000
-0.286865000000000
-0.296631000000000
-0.230469000000000
-0.204346000000000
-0.202637000000000
-0.206787000000000
-0.125000000000000
-0.0922850000000000
-0.0795900000000000
-0.0639650000000000
-0.0539550000000000
-0.0109860000000000
-0.00659200000000000
-0.0249020000000000
-0.0141600000000000
0.0339360000000000
0.0866700000000000
0.0725100000000000
0.0427250000000000
0.112305000000000
0.171387000000000
0.119385000000000
0.0458980000000000
0.0581050000000000
0.162109000000000
0.140625000000000
0.0913090000000000
0.0935060000000000
0.162842000000000
0.174805000000000
0.112793000000000
0.0468750000000000
0.128906000000000
0.111572000000000
0.0388180000000000
-0.0798340000000000
-0.119629000000000
-0.0729980000000000
-0.143555000000000
-0.248291000000000
-0.417969000000000
-0.436035000000000
-0.564697000000000
-0.637451000000000
-0.725098000000000
-0.815430000000000
-0.824219000000000
-0.878906000000000
-0.940186000000000
-1.00073200000000
-1.05761700000000
-1.07959000000000
-1.08837900000000
-1.09545900000000
-1.10302700000000
-1.11230500000000
-1.12280300000000
-1.11914100000000
-1.12890600000000
-1.11743200000000
-1.10620100000000
-1.08374000000000
-1.06250000000000
-1.05127000000000
-1.23168900000000
-1.03418000000000
-1.05688500000000
-0.896729000000000
-0.926514000000000
-0.919189000000000
-0.889160000000000
-0.899658000000000
-0.898682000000000
-0.908691000000000
-0.934326000000000
-0.967529000000000
-0.999512000000000
-1.01855500000000
-1.03027300000000
-1.04956100000000
-1.04126000000000
-1.02002000000000
-1.00097700000000
-1.00268600000000
-0.997803000000000
-0.978271000000000
-0.962158000000000
-0.964111000000000
-0.967285000000000
-0.971191000000000
-0.973389000000000
-0.982666000000000
-0.992432000000000
-0.995605000000000
-0.988525000000000
-0.986816000000000
-0.997803000000000
-0.987793000000000
-0.981689000000000
-0.986328000000000
-0.988525000000000
-0.982910000000000
-0.992676000000000
-1.00585900000000
-1.02319300000000
-1.01586900000000
-0.994873000000000
-0.971191000000000
-1.03344700000000
-1.09106400000000
-1.17041000000000
-1.22558600000000
-1.25000000000000
-1.25561500000000
-1.28930700000000
-1.29931600000000
-1.28857400000000
-1.28002900000000
-1.30297900000000
-1.30444300000000
-1.21972700000000
-1.08325200000000
-0.955322000000000
-0.913574000000000
-0.779297000000000
-0.625488000000000
-0.468506000000000
-0.435791000000000
-0.372803000000000
-0.267822000000000
-0.163330000000000
-0.166504000000000
-0.196289000000000
-0.143066000000000
-0.141846000000000
-0.274658000000000
-0.322266000000000
-0.380371000000000
-0.333740000000000
-0.252686000000000
-0.231445000000000
-0.178223000000000
-0.0571290000000000
-0.0295410000000000
-0.0515140000000000
-0.00439500000000000
0.0620120000000000
0.127930000000000
0.133301000000000
0.100830000000000
0.0583500000000000
0.0625000000000000
0.0769040000000000
0.0949710000000000
0.0837400000000000
0.0456540000000000
0.0617680000000000
0.0629880000000000
0.0246580000000000
-0.0175780000000000
0.0292970000000000
-0.00195300000000000
-0.0629880000000000
-0.0898440000000000
0.0312500000000000
0.0598140000000000
0.0139160000000000
0.0146480000000000
0.0271000000000000
-0.0119630000000000
-0.0371090000000000
-0.0627440000000000
-0.127930000000000
-0.217529000000000
-0.209961000000000
-0.182617000000000
-0.255615000000000
-0.378174000000000
-0.483398000000000
-0.509766000000000
-0.583008000000000
-0.748047000000000
-0.864502000000000
-0.920410000000000
-0.966553000000000
-1.04638700000000
-1.07397500000000
-1.13452100000000
-1.20410200000000
-1.25903300000000
-1.28759800000000
-1.29980500000000
-1.26342800000000
-1.20800800000000
-1.12133800000000
-1.06738300000000
-1.03149400000000
-1.00659200000000
-0.950195000000000
-0.930908000000000
-0.930664000000000
-1.03515600000000
-0.980957000000000
-0.928467000000000
-0.887695000000000
-0.968750000000000
-0.996094000000000
-0.979736000000000
-0.961670000000000
-0.955811000000000
-0.947510000000000
-0.962158000000000
-0.963867000000000
-0.975098000000000
-0.973877000000000
-0.988037000000000
-0.994629000000000
-0.980225000000000
-0.982666000000000
-0.968994000000000
-0.968018000000000
-0.966064000000000
-0.960693000000000
-0.980469000000000
-0.976807000000000
-0.974609000000000
-0.975586000000000
-0.978027000000000
-1.00293000000000
-1.01757800000000
-0.968262000000000
-0.993896000000000
-1.02392600000000
-1.00170900000000
-1.09057600000000
-1.09936500000000
-1.06835900000000
-1.08813500000000
-1.13598600000000
-1.13378900000000
-1.14135700000000
-1.17504900000000
-1.20434600000000
-1.20898400000000
-1.26391600000000
-1.36425800000000
-1.35253900000000
-1.25927700000000
-1.16479500000000
-1.10644500000000
-1.02246100000000
-0.917480000000000
-0.781250000000000
-0.640869000000000
-0.563232000000000
-0.531494000000000
-0.457520000000000
-0.316406000000000
-0.217773000000000
-0.119385000000000
-0.0349120000000000
0.0310060000000000
0.124268000000000
0.140137000000000
0.0202640000000000
-0.0664060000000000
-0.0266110000000000
-0.0532230000000000
-0.0761720000000000
-0.0185550000000000
0.0600590000000000
0.0974120000000000
0.123047000000000
0.152588000000000
0.150391000000000
0.171387000000000
0.214355000000000
0.204346000000000
0.199707000000000
0.193359000000000
0.196777000000000
0.200684000000000
0.198242000000000
0.199707000000000
0.200195000000000
0.196045000000000
0.151611000000000
0.112061000000000
0.145020000000000
0.153809000000000
0.0937500000000000
0.0271000000000000
0.0258790000000000
0.0229490000000000
-0.0988770000000000
-0.166504000000000
-0.217773000000000
-0.186768000000000
-0.212158000000000
-0.348145000000000
-0.487061000000000
-0.553711000000000
-0.676025000000000
-0.864502000000000
-0.971436000000000
-0.967529000000000
-0.977295000000000
-1.02148400000000
-1.09082000000000
-1.16650400000000
-1.23266600000000
-1.23706100000000
-1.21191400000000
-1.20043900000000
-1.17358400000000
-1.14526400000000
-1.12255900000000
-1.06103500000000
-1.03515600000000
-1.01220700000000
-1.02246100000000
-1.01147500000000
-0.964111000000000
-0.959229000000000
-1.06225600000000
-1.03198200000000
-0.822998000000000
-0.930908000000000
-0.952881000000000
-0.964111000000000
-0.956543000000000
-0.946777000000000
-0.970459000000000
-0.990723000000000
-0.979004000000000
-0.984863000000000
-0.989014000000000
-0.989014000000000
-0.988281000000000
-0.967041000000000
-0.969482000000000
-0.966797000000000
-0.969238000000000
-0.979980000000000
-0.980225000000000
-0.987549000000000
-0.986328000000000
-0.996338000000000
-0.990234000000000
-0.981689000000000
-0.987061000000000
-0.975342000000000
-0.966064000000000
-0.982666000000000
-0.986572000000000
-0.974121000000000
-0.973877000000000
-0.972656000000000
-0.968018000000000
-0.978271000000000
-0.981445000000000
-0.984375000000000
-0.990723000000000
-1.00390600000000
-1.00512700000000
-1.00781300000000
-1.01318400000000
-0.999512000000000
-1.01025400000000
-1.01831100000000
-1.02124000000000
-1.05517600000000
-1.08544900000000
-1.14111300000000
-1.18042000000000
-1.14306600000000
-1.16088900000000
-1.12304700000000
-1.07397500000000
-1.02026400000000
-0.979736000000000
-0.969971000000000
-0.995117000000000
-0.917236000000000
-0.815186000000000
-0.773682000000000
-0.627441000000000
-0.537354000000000
-0.409180000000000
-0.235596000000000
-0.122803000000000
-0.0664060000000000
-0.0749510000000000
-0.0395510000000000
0.00537100000000000
0.0334470000000000
-0.0178220000000000
-0.0161130000000000
0.0388180000000000
-0.0197750000000000
-0.0578610000000000
0.000488000000000000
0.0446780000000000
0.0527340000000000
0.0615230000000000
0.122803000000000
0.167725000000000
0.198975000000000
0.161865000000000
0.165283000000000
0.219971000000000
0.192627000000000
0.188721000000000
0.220459000000000
0.219482000000000
0.225830000000000
0.257080000000000
0.266113000000000
0.248779000000000
0.262695000000000
0.258057000000000
0.271240000000000
0.260254000000000
0.229736000000000
0.233643000000000
0.265381000000000
0.255127000000000
0.180420000000000
0.107666000000000
0.203857000000000
0.254639000000000
0.201904000000000
0.138428000000000
0.199463000000000
0.253662000000000
0.244141000000000
0.174805000000000
0.202881000000000
0.262939000000000
0.191895000000000
0.0756840000000000
0.0427250000000000
0.0119630000000000
-0.0249020000000000
-0.109863000000000
-0.208252000000000
-0.315430000000000
-0.376221000000000
-0.453857000000000
-0.522705000000000
-0.633301000000000
-0.771973000000000
-0.909912000000000
-1.03198200000000
-1.11987300000000
-1.09326200000000
-1.08178700000000
-1.12109400000000
-1.16406300000000
-1.14770500000000
-1.14160200000000
-1.11279300000000
-1.10034200000000
-1.09130900000000
-1.06469700000000
-1.05175800000000
-1.06274400000000
-1.06665000000000
-0.927734000000000
-1.13720700000000
-1.17797900000000
-0.952148000000000
-0.808594000000000
-0.924316000000000
-0.933350000000000
-0.956299000000000
-0.975342000000000
-0.964111000000000
-0.986816000000000
-1.00952100000000
-0.987061000000000
-0.983643000000000
-0.982422000000000
-0.968750000000000
-0.964600000000000
-0.964111000000000
-0.962158000000000
-0.974854000000000
-0.974609000000000
-0.978271000000000
-0.977539000000000
-0.982422000000000
-0.977051000000000
-0.970703000000000
-0.968018000000000
-0.969482000000000
-0.978516000000000
-0.979248000000000
-0.973633000000000
-0.975342000000000
-0.973389000000000
-0.989746000000000
-0.994629000000000
-0.991943000000000
-0.985107000000000
-0.983887000000000
-0.987793000000000
-0.995850000000000
-0.987793000000000
-1.02807600000000
-1.10351600000000
-1.03320300000000
-0.964600000000000
-1.07348600000000
-1.28418000000000
-1.35864300000000
-1.40087900000000
-1.44043000000000
-1.55468800000000
-1.58715800000000
-1.47900400000000
-1.57153300000000
-1.59252900000000
-1.47192400000000
-1.36450200000000
-1.30151400000000
-1.26318400000000
-1.16308600000000
-0.976807000000000
-0.932617000000000
-0.879883000000000
-0.791260000000000
-0.629395000000000
-0.662354000000000
-0.593262000000000
-0.492432000000000
-0.361816000000000
-0.385254000000000
-0.375977000000000
-0.295898000000000
-0.261719000000000
-0.300293000000000
-0.275391000000000
-0.251953000000000
-0.258545000000000
-0.251221000000000
-0.220459000000000
-0.250000000000000
-0.220703000000000
-0.180908000000000
-0.179932000000000
-0.150391000000000
-0.146484000000000
-0.203125000000000
-0.194824000000000
-0.143555000000000
-0.124023000000000
-0.144287000000000
-0.0991210000000000
-0.0600590000000000
-0.0322270000000000
-0.00610400000000000
0.00561500000000000
0.0249020000000000
0.0302730000000000
0.0119630000000000
0.0241700000000000
0.0334470000000000
-0.00195300000000000
-0.0969240000000000
-0.155762000000000
-0.137695000000000
-0.146973000000000
-0.208496000000000
-0.269043000000000
-0.182129000000000
-0.205811000000000
-0.264893000000000
-0.318359000000000
-0.314697000000000
-0.408936000000000
-0.498291000000000
-0.541260000000000
-0.512207000000000
-0.567871000000000
-0.729248000000000
-0.873291000000000
-0.840088000000000
-0.829590000000000
-1.01757800000000
-1.29443400000000
-1.39917000000000
-1.46118200000000
-1.68383800000000
-1.83691400000000
-1.85717800000000
-1.82812500000000
-1.85668900000000
-1.83960000000000
-1.69531300000000
-1.54370100000000
-1.42627000000000
-1.39770500000000
-1.30688500000000
-1.19091800000000
-1.09985400000000
-1.03564500000000
-1.05102500000000
-1.04101600000000
-1.07470700000000
-1.08349600000000
-1.27026400000000
-1.40527300000000
-1.22460900000000
-0.915039000000000
-0.989990000000000
-1.05810500000000
-0.987549000000000
-0.916016000000000
-0.903809000000000
-0.929932000000000
-0.964355000000000
-0.984863000000000
-1.01538100000000
-1.02832000000000
-1.03491200000000
-1.03588900000000
-1.01220700000000
-1.00415000000000
-0.994141000000000
-0.988037000000000
-0.988770000000000
-0.982178000000000
-0.990234000000000
-1.00024400000000
-1.00390600000000
-1.00317400000000
-1.00170900000000
-0.993652000000000
-0.995361000000000
-0.995117000000000
-0.993896000000000
-0.993408000000000
-0.995850000000000
-0.995605000000000
-0.997803000000000
-0.994873000000000
-1.00268600000000
-1.00024400000000
-0.994629000000000
-0.989990000000000
-0.989990000000000
-1.01391600000000
-1.02978500000000
-1.06323200000000
-1.07690400000000
-1.14184600000000
-1.11962900000000
-1.04418900000000
-1.09179700000000
-1.26318400000000
-1.40405300000000
-1.40942400000000
-1.39404300000000
-1.41284200000000
-1.49755900000000
-1.48364300000000
-1.41503900000000
-1.40112300000000
-1.52319300000000
-1.41137700000000
-1.28344700000000
-1.34521500000000
-1.32861300000000
-1.18847700000000
-1.09790000000000
-1.09277300000000
-0.998291000000000
-0.804199000000000
-0.708740000000000
-0.712158000000000
-0.593994000000000
-0.422119000000000
-0.413818000000000
-0.476074000000000
-0.427246000000000
-0.363281000000000
-0.387451000000000
-0.408691000000000
-0.400635000000000
-0.382324000000000
-0.410889000000000
-0.441650000000000
-0.421631000000000
-0.425293000000000
-0.440186000000000
-0.422363000000000
-0.354492000000000
-0.319092000000000
-0.275879000000000
-0.230469000000000
-0.177002000000000
-0.152832000000000
-0.214600000000000
-0.209961000000000
-0.176025000000000
-0.172852000000000
-0.158447000000000
-0.132080000000000
-0.0607910000000000
-0.0390630000000000
-0.0197750000000000
0.0148930000000000
0.0119630000000000
-0.0339360000000000
-0.113037000000000
-0.168213000000000
-0.195068000000000
-0.243408000000000
-0.309570000000000
-0.323730000000000
-0.280518000000000
-0.284668000000000
-0.303223000000000
-0.344238000000000
-0.366455000000000
-0.383545000000000
-0.427734000000000
-0.517334000000000
-0.588623000000000
-0.715332000000000
-0.794678000000000
-0.815186000000000
-0.835938000000000
-1.09497100000000
-1.33252000000000
-1.31835900000000
-1.40844700000000
-1.75097700000000
-2.01001000000000
-2.01879900000000
-1.94970700000000
-1.77954100000000
-1.62988300000000
-1.45214800000000
-1.39794900000000
-1.39160200000000
-1.34790000000000
-1.28222700000000
-1.24658200000000
-1.21875000000000
-1.17309600000000
-1.14453100000000
-1.10913100000000
-1.15332000000000
-1.11230500000000
-1.35791000000000
-1.60717800000000
-0.781982000000000
-1.04223600000000
-0.963379000000000
-0.946777000000000
-0.891846000000000
-0.931396000000000
-0.984863000000000
-1.05737300000000
-1.06811500000000
-1.02099600000000
-0.993896000000000
-0.996338000000000
-1.00244100000000
-0.988525000000000
-0.967773000000000
-0.982910000000000
-1.00732400000000
-1.00683600000000
-0.997559000000000
-0.996094000000000
-0.999512000000000
-1.00341800000000
-0.993652000000000
-0.993164000000000
-0.995117000000000
-1.00024400000000
-0.997070000000000
-0.988770000000000
-0.988525000000000
-1.01001000000000
-1.01171900000000
-1.01171900000000
-0.988525000000000
-0.992188000000000
-1.03540000000000
-1.02368200000000
-0.996582000000000
-0.990967000000000
-1.05322300000000
-1.05053700000000
-1.03613300000000
-1.01098600000000
-1.02075200000000
-1.07617200000000
-1.16821300000000
-1.17797900000000
-1.21557600000000
-1.29126000000000
-1.37231400000000
-1.39404300000000
-1.44921900000000
-1.45239300000000
-1.47094700000000
-1.48852500000000
-1.44702100000000
-1.47583000000000
-1.45507800000000
-1.35498000000000
-1.30444300000000
-1.23877000000000
-1.12133800000000
-0.961914000000000
-0.849121000000000
-0.837158000000000
-0.746338000000000
-0.545410000000000
-0.540283000000000
-0.532471000000000
-0.499268000000000
-0.427002000000000
-0.415039000000000
-0.414795000000000
-0.415527000000000
-0.426514000000000
-0.441895000000000
-0.392822000000000
-0.301758000000000
-0.283936000000000
-0.317871000000000
-0.318848000000000
-0.305420000000000
-0.287598000000000
-0.292969000000000
-0.232910000000000
-0.195801000000000
-0.191406000000000
-0.174805000000000
-0.148193000000000
-0.137939000000000
-0.113037000000000
-0.0686040000000000
-0.0493160000000000
-0.0488280000000000
-0.0432130000000000
-0.0302730000000000
-0.0451660000000000
-0.114502000000000
-0.206299000000000
-0.207520000000000
-0.219971000000000
-0.295898000000000
-0.293213000000000
-0.215332000000000
-0.258789000000000
-0.336670000000000
-0.343262000000000
-0.283203000000000
-0.365234000000000
-0.520996000000000
-0.574707000000000
-0.481689000000000
-0.495117000000000
-0.660156000000000
-0.781738000000000
-0.609131000000000
-0.647461000000000
-0.847900000000000
-1.02490200000000
-0.980957000000000
-1.02710000000000
-1.25854500000000
-1.45190400000000
-1.48754900000000
-1.50390600000000
-1.55249000000000
-1.65869100000000
-1.65918000000000
-1.48852500000000
-1.50146500000000
-1.53613300000000
-1.47900400000000
-1.34741200000000
-1.31396500000000
-1.36010700000000
-1.34936500000000
-1.32153300000000
-1.25463900000000
-1.22094700000000
-2.05664100000000
-1.57836900000000
-0.655762000000000
-1.13769500000000
-0.918457000000000
-0.857666000000000
-0.818848000000000
-0.839844000000000
-1.00659200000000
-1.08496100000000
-1.10937500000000
-1.05102500000000
-1.03662100000000
-1.03613300000000
-1.02050800000000
-0.994141000000000
-0.960693000000000
-0.961182000000000
-0.983887000000000
-1.01001000000000
-1.01660200000000
-1.01074200000000
-1.00708000000000
-1.00463900000000
-1.00415000000000
-1.00122100000000
-0.995361000000000
-0.997803000000000
-0.997559000000000
-0.998535000000000
-1.00317400000000
-1.00830100000000
-1.00390600000000
-0.998779000000000
-1.00415000000000
-0.994141000000000
-0.993164000000000
-0.988037000000000
-0.988037000000000
-0.989990000000000
-0.997803000000000
-1.00488300000000
-1.00585900000000
-0.987061000000000
-0.983887000000000
-0.996826000000000
-0.973877000000000
-0.958252000000000
-0.963867000000000
-0.969971000000000
-0.953125000000000
-0.948486000000000
-0.937500000000000
-0.951172000000000
-0.938232000000000
-0.969971000000000
-0.974121000000000
-0.996826000000000
-0.998047000000000
-0.991699000000000
-0.998535000000000
-1.00293000000000
-0.988525000000000
-1.03759800000000
-1.06616200000000
-1.07421900000000
-1.27832000000000
-1.37548800000000
-1.33203100000000
-1.45825200000000
-1.62280300000000
-1.55932600000000
-1.49609400000000
-1.52124000000000
-1.56347700000000
-1.50854500000000
-1.23193400000000
-1.18920900000000
-1.29687500000000
-1.20288100000000
-0.957031000000000
-0.964844000000000
-1.05981400000000
-0.842529000000000
-0.730225000000000
-0.743896000000000
-0.707764000000000
-0.585693000000000
-0.589844000000000
-0.581787000000000
-0.557861000000000
-0.556396000000000
-0.531494000000000
-0.473877000000000
-0.430664000000000
-0.438965000000000
-0.469238000000000
-0.447510000000000
-0.367188000000000
-0.280273000000000
-0.302734000000000
-0.331299000000000
-0.264648000000000
-0.225098000000000
-0.226074000000000
-0.224121000000000
-0.220703000000000
-0.195801000000000
-0.125488000000000
-0.0742190000000000
-0.0568850000000000
-0.0861820000000000
-0.116943000000000
-0.171143000000000
-0.215576000000000
-0.251465000000000
-0.311279000000000
-0.369385000000000
-0.390381000000000
-0.357178000000000
-0.363525000000000
-0.409912000000000
-0.446289000000000
-0.448730000000000
-0.463379000000000
-0.560791000000000
-0.656982000000000
-0.662842000000000
-0.689209000000000
-0.761230000000000
-0.858643000000000
-0.773682000000000
-0.791504000000000
-0.979736000000000
-1.07324200000000
-1.16040000000000
-1.30078100000000
-1.62011700000000
-1.81176800000000
-1.91015600000000
-1.95019500000000
-1.95288100000000
-1.89746100000000
-1.75952100000000
-1.58056600000000
-1.53515600000000
-1.52758800000000
-1.47949200000000
-1.39379900000000
-1.31030300000000
-1.30664100000000
-1.32006800000000
-1.23779300000000
-1.22168000000000
-1.16406300000000
-1.46435500000000
-1.83667000000000
-0.839355000000000
-0.959961000000000
-0.985107000000000
-0.895264000000000
-0.827148000000000
-0.864258000000000
-1.00073200000000
-1.10742200000000
-1.04638700000000
-1.02246100000000
-1.01538100000000
-1.00781300000000
-1.00170900000000
-0.996826000000000
-0.998535000000000
-1.00317400000000
-1.01196300000000
-1.00976600000000
-1.01391600000000
-1.00317400000000
-0.998779000000000
-1.00805700000000
-1.00585900000000
-0.998535000000000
-1.00708000000000
-1.00634800000000
-1.00854500000000
-1.00756800000000
-1.00463900000000
-1.00976600000000
-1.01367200000000
-1.01123000000000
-1.00683600000000
-1.01025400000000
-1.00927700000000
-1.00537100000000
-0.997559000000000
-1.00122100000000